array('B', [18, 0, 0, 255, 0, 0, 0, 0])
array('B', [16, 0, 255, 0, 0, 0, 0, 0])
array('B', [18, 0, 0, 255, 0, 0, 0, 0])
array('B', [19, 0, 255, 255, 255, 255, 255, 255])
array('B', [18, 0, 0, 255, 0, 0, 0, 0])
array('B', [16, 0, 255, 0, 0, 0, 0, 0])
array('B', [18, 0, 0, 255, 0, 0, 0, 0])
array('B', [16, 0, 255, 0, 0, 0, 0, 0])
array('B', [18, 0, 0, 255, 0, 0, 0, 0])
array('B', [19, 0, 255, 255, 255, 255, 255, 255])
array('B', [18, 0, 0, 255, 0, 0, 0, 0])
array('B', [16, 0, 255, 0, 0, 0, 0, 0])
array('B', [18, 0, 0, 255, 0, 0, 0, 0])
array('B', [16, 0, 255, 0, 0, 0, 0, 0])
array('B', [18, 0, 0, 255, 0, 0, 0, 0])
array('B', [19, 0, 255, 255, 255, 255, 255, 255])
array('B', [18, 0, 0, 255, 0, 0, 0, 0])
array('B', [18, 0, 0, 255, 0, 0, 0, 0])
array('B', [16, 0, 255, 0, 0, 0, 0, 0])
array('B', [18, 0, 0, 255, 0, 0, 0, 0])
array('B', [19, 0, 255, 255, 255, 255, 255, 255])
array('B', [18, 0, 0, 255, 0, 0, 0, 0])
array('B', [16, 0, 255, 0, 0, 0, 0, 0])
array('B', [18, 0, 0, 255, 0, 0, 0, 0])
array('B', [18, 0, 0, 255, 0, 0, 0, 0])
array('B', [18, 0, 0, 255, 0, 0, 0, 0])
array('B', [16, 1, 255, 54, 181, 217, 0, 0])
array('B', [18, 1, 1, 54, 93, 13, 0, 0])
array('B', [18, 2, 2, 58, 157, 21, 217, 0])
array('B', [18, 2, 2, 58, 157, 21, 217, 0])
array('B', [18, 3, 3, 60, 125, 29, 140, 2])
array('B', [16, 3, 255, 60, 29, 218, 84, 0])
array('B', [18, 3, 3, 60, 125, 29, 140, 2])
array('B', [81, 255, 255, 58, 44, 208, 180, 6])
array('B', [18, 4, 4, 62, 29, 37, 50, 4])
array('B', [19, 5, 153, 255, 47, 255, 255, 255])
array('B', [18, 5, 5, 61, 221, 44, 203, 5])
array('B', [16, 5, 255, 61, 197, 218, 83, 0])
array('B', [18, 6, 6, 62, 125, 52, 135, 7])
array('B', [16, 6, 255, 62, 31, 219, 90, 0])
array('B', [18, 7, 7, 67, 157, 59, 58, 9])
array('B', [19, 7, 147, 255, 44, 255, 255, 255])
array('B', [18, 7, 7, 67, 157, 59, 58, 9])
array('B', [16, 8, 255, 66, 207, 219, 84, 0])
array('B', [18, 8, 8, 66, 221, 66, 189, 10])
array('B', [16, 9, 255, 66, 37, 220, 86, 0])
array('B', [18, 9, 9, 66, 29, 74, 77, 12])
array('B', [19, 10, 155, 255, 46, 255, 255, 255])
array('B', [18, 10, 10, 66, 93, 81, 243, 13])
array('B', [16, 10, 255, 66, 128, 220, 91, 0])
array('B', [18, 11, 11, 68, 93, 88, 140, 15])
array('B', [16, 11, 255, 68, 218, 220, 90, 0])
array('B', [18, 12, 12, 65, 189, 95, 37, 17])
array('B', [19, 12, 157, 255, 46, 255, 255, 255])
array('B', [16, 13, 255, 68, 143, 221, 92, 0])
array('B', [18, 13, 13, 68, 189, 102, 203, 18])
array('B', [16, 14, 255, 67, 233, 221, 90, 0])
array('B', [18, 14, 14, 67, 221, 109, 95, 20])
array('B', [19, 15, 152, 255, 44, 255, 255, 255])
array('B', [18, 15, 15, 68, 221, 116, 226, 21])
array('B', [16, 15, 255, 68, 63, 222, 86, 0])
array('B', [18, 16, 16, 68, 221, 123, 88, 23])
array('B', [16, 16, 255, 68, 147, 222, 84, 0])
array('B', [18, 17, 17, 68, 221, 130, 219, 24])
array('B', [19, 17, 156, 255, 49, 255, 255, 255])
array('B', [18, 18, 18, 71, 157, 137, 116, 26])
array('B', [18, 18, 18, 71, 157, 137, 116, 26])
array('B', [18, 19, 19, 69, 125, 144, 0, 28])
array('B', [18, 19, 19, 69, 125, 144, 0, 28])
array('B', [19, 20, 145, 255, 42, 255, 255, 255])
array('B', [18, 20, 20, 69, 93, 151, 127, 29])
array('B', [16, 21, 255, 69, 79, 224, 87, 0])
array('B', [82, 255, 255, 186, 169, 0, 196, 178])
array('B', [18, 21, 21, 69, 61, 158, 254, 30])
array('B', [18, 22, 22, 68, 61, 165, 125, 32])
array('B', [16, 22, 255, 68, 165, 224, 86, 0])
array('B', [18, 22, 22, 68, 61, 165, 125, 32])
array('B', [19, 23, 150, 255, 46, 255, 255, 255])
array('B', [18, 23, 23, 69, 29, 172, 0, 34])
array('B', [16, 24, 255, 71, 87, 225, 91, 0])
array('B', [18, 24, 24, 71, 221, 178, 140, 35])
array('B', [18, 25, 25, 71, 157, 185, 24, 37])
array('B', [19, 25, 151, 255, 42, 255, 255, 255])
array('B', [18, 26, 26, 69, 125, 192, 155, 38])
array('B', [16, 26, 255, 69, 12, 226, 89, 0])
array('B', [18, 27, 27, 69, 93, 199, 47, 40])
array('B', [16, 27, 255, 69, 104, 226, 92, 0])
array('B', [18, 27, 27, 69, 93, 199, 47, 40])
array('B', [18, 28, 28, 69, 61, 206, 209, 41])
array('B', [19, 28, 153, 255, 43, 255, 255, 255])
array('B', [18, 28, 28, 69, 61, 206, 209, 41])
array('B', [18, 29, 29, 71, 253, 212, 141, 43])
array('B', [16, 29, 255, 71, 45, 227, 102, 0])
array('B', [18, 30, 30, 73, 125, 219, 73, 45])
array('B', [16, 30, 255, 73, 150, 227, 105, 0])
array('B', [18, 30, 30, 73, 125, 219, 73, 45])
array('B', [19, 31, 154, 255, 48, 255, 255, 255])
array('B', [18, 31, 31, 71, 61, 226, 230, 46])
array('B', [16, 32, 255, 72, 88, 228, 96, 0])
array('B', [18, 32, 32, 72, 221, 232, 127, 48])
array('B', [16, 32, 255, 72, 88, 228, 96, 0])
array('B', [18, 33, 33, 71, 157, 239, 19, 50])
array('B', [19, 33, 155, 255, 46, 255, 255, 255])
array('B', [18, 34, 34, 73, 29, 246, 167, 51])
array('B', [16, 34, 255, 73, 23, 229, 96, 0])
array('B', [18, 35, 35, 72, 189, 252, 68, 53])
array('B', [16, 35, 255, 72, 122, 229, 99, 0])
array('B', [18, 36, 36, 73, 61, 3, 203, 54])
array('B', [19, 36, 143, 255, 42, 255, 255, 255])
array('B', [18, 36, 36, 73, 61, 3, 203, 54])
array('B', [16, 37, 255, 69, 48, 230, 89, 0])
array('B', [18, 38, 38, 72, 189, 16, 244, 57])
array('B', [18, 38, 38, 72, 189, 16, 244, 57])
array('B', [19, 39, 155, 255, 45, 255, 255, 255])
array('B', [18, 39, 39, 73, 61, 23, 180, 59])
array('B', [80, 255, 255, 1, 69, 0, 1, 0])
array('B', [18, 40, 40, 75, 157, 29, 72, 61])
array('B', [16, 40, 255, 75, 97, 231, 98, 0])
array('B', [18, 40, 40, 75, 157, 29, 72, 61])
array('B', [18, 41, 41, 73, 29, 36, 194, 62])
array('B', [16, 41, 255, 73, 189, 231, 92, 0])
array('B', [18, 41, 41, 73, 29, 36, 194, 62])
array('B', [19, 42, 147, 255, 40, 255, 255, 255])
array('B', [18, 42, 42, 75, 125, 42, 56, 64])
array('B', [18, 43, 43, 76, 190, 48, 187, 65])
array('B', [18, 43, 43, 76, 190, 48, 187, 65])
array('B', [18, 44, 44, 75, 29, 55, 71, 67])
array('B', [16, 44, 255, 75, 218, 232, 98, 0])
array('B', [18, 44, 44, 75, 29, 55, 71, 67])
array('B', [19, 45, 147, 255, 41, 255, 255, 255])
array('B', [18, 45, 45, 73, 157, 61, 206, 68])
array('B', [16, 46, 255, 69, 112, 233, 55, 0])
array('B', [18, 46, 46, 69, 125, 68, 185, 69])
array('B', [18, 46, 46, 69, 125, 68, 185, 69])
array('B', [19, 46, 31, 255, 7, 255, 255, 255])
array('B', [18, 46, 46, 69, 125, 68, 185, 69])
array('B', [16, 46, 255, 69, 112, 233, 55, 0])
array('B', [18, 46, 46, 69, 125, 68, 185, 69])
array('B', [18, 46, 46, 69, 125, 68, 185, 69])
array('B', [19, 46, 31, 255, 7, 255, 255, 255])
array('B', [18, 46, 46, 69, 125, 68, 185, 69])
array('B', [16, 46, 255, 69, 112, 233, 55, 0])
array('B', [18, 46, 46, 69, 125, 68, 185, 69])
array('B', [18, 46, 46, 69, 125, 68, 185, 69])
array('B', [19, 46, 31, 255, 7, 255, 255, 255])
array('B', [18, 46, 46, 69, 125, 68, 185, 69])
array('B', [16, 46, 255, 69, 112, 233, 55, 0])
array('B', [18, 46, 46, 69, 125, 68, 185, 69])
array('B', [16, 46, 255, 69, 112, 233, 55, 0])
array('B', [18, 46, 46, 69, 125, 68, 185, 69])
array('B', [19, 46, 31, 255, 7, 255, 255, 255])
array('B', [18, 46, 46, 69, 125, 68, 185, 69])
array('B', [16, 46, 255, 69, 112, 233, 55, 0])
array('B', [18, 46, 46, 69, 125, 68, 185, 69])
array('B', [16, 46, 255, 69, 112, 233, 55, 0])
array('B', [18, 46, 46, 69, 125, 68, 185, 69])
array('B', [19, 46, 31, 255, 7, 255, 255, 255])
array('B', [18, 46, 46, 69, 125, 68, 185, 69])
array('B', [16, 46, 255, 69, 112, 233, 55, 0])
array('B', [18, 46, 46, 69, 125, 68, 185, 69])
array('B', [16, 46, 255, 69, 112, 233, 55, 0])
array('B', [18, 46, 46, 69, 125, 68, 185, 69])
array('B', [19, 46, 31, 255, 7, 255, 255, 255])
array('B', [18, 46, 46, 69, 125, 68, 185, 69])
array('B', [16, 46, 255, 69, 112, 233, 55, 0])
array('B', [18, 46, 46, 69, 125, 68, 185, 69])
